

#sorted for easy viewing:

0   1   732
0   3   212
0   18  36
1   0   66
1   8   111
1   11  29
1   16  65
1   18  14
2   0   390
2   1   17
2   8   11
2   10  38
2   13  122
2   16  211
2   17  78
3   2   273
3   4   29
3   11  42
4   3   122
4   8   32
4   15  12
4   19  102
5   0   62
5   4   211
5   7   132
5   11  871
6   0   20
6   1   200
6   3   41
6   10  122
6   12  81
6   13  11
7   2   210
7   5   5
7   15  74
8   1   95
8   6   120
8   10  2
8   19  11
9   2   925
9   11  121
9   19  653
10  1   81
10  3   90
10  11  219
10  15  211
11  2   11
11  4   98
11  6   122
11  7   390
11  16  121
11  18  122
12  0   719
12  8   9
12  16  26
12  19  832
13  2   22
13  8   13
13  9   182
13  19  219
14  5   22
15  10  73
15  17  98
16  0   77
16  8   200
16  10  21
16  11  93
16  19  190
17  7   29
17  9   33
17  14  33
17  15  940
17  19  121
18  1   322
18  4   74
18  5   219
18  9   111


cost matrix with zeros

{{0,732,0,212,0,0,0,0,0,0,0,0,0,0,0,0,0,0,36,0},
 {66,0,0,0,0,0,0,0,211,0,0,29,0,0,0,0,65,0,14,0},
 {390,17,0,0,0,0,0,0,11,0,38,0,0,122,0,0,211,78,0,0},
 {0,0,273,0,29,0,0,0,0,0,0,42,0,0,0,0,0,0,0,0},
 {0,0,0,122,0,0,0,0,32,0,0,0,0,0,0,12,0,0,0,102},
 {62,0,0,0,211,0,0,132,0,0,0,871,0,0,0,0,0,0,0,0},
 {20,200,0,41,0,0,0,0,0,0,122,0,81,11,0,0,0,0,0,0},
 {0,0,210,0,0,5,0,0,0,0,0,0,0,0,0,74,0,0,0,0},
 {0,95,0,0,0,0,120,0,0,0,2,0,0,0,0,0,0,0,0,11},
 {0,0,925,0,0,0,0,0,0,0,0,121,0,0,0,0,0,0,0,653},
 {0,181,0,90,0,0,0,0,0,0,0,219,0,0,0,211,0,0,0,0},
 {0,0,11,0,98,0,122,390,0,0,0,0,0,0,0,0,121,0,122,0},
 {719,0,0,0,0,0,0,0,9,0,0,0,0,0,0,0,26,0,0,832},
 {0,0,22,0,0,0,0,0,13,182,0,0,0,0,0,0,0,0,0,219},
 {0,0,0,0,0,22,0,0,0,0,0,0,0,0,0,0,0,0,0,0},
 {0,0,0,0,0,0,0,0,0,0,73,0,0,0,0,0,0,98,0,0},
 {77,0,0,0,0,0,0,0,200,0,21,93,0,0,0,0,0,0,0,190},
 {0,0,0,0,0,0,0,29,0,33,0,0,0,0,33,940,0,0,0,121},
 {0,322,0,0,74,219,0,0,0,111,0,0,0,0,0,0,0,0,0}}, n=19;


cost matrix with INF = 999;

{{999,732,999,212,999,999,999,999,999,999,999,999,999,999,999,999,999,999,36,999},
 {66,999,999,999,999,999,999,999,211,999,999,29,999,999,999,999,65,999,14,999},
 {390,17,999,999,999,999,999,999,11,999,38,999,999,122,999,999,211,78,999,999},
 {999,999,273,999,29,999,999,999,999,999,999,42,999,999,999,999,999,999,999,999},
 {999,999,999,122,999,999,999,999,32,999,999,999,999,999,999,12,999,999,999,102},
 {62,999,999,999,211,999,999,132,999,999,999,871,999,999,999,999,999,999,999,999},
 {20,200,999,41,999,999,999,999,999,999,122,999,81,11,999,999,999,999,999,999},
 {999,999,210,999,999,5,999,999,999,999,999,999,999,999,999,74,999,999,999,999},
 {999,95,999,999,999,999,120,999,999,999,2,999,999,999,999,999,999,999,999,11},
 {999,999,925,999,999,999,999,999,999,999,999,121,999,999,999,999,999,999,999,653},
 {999,181,999,90,999,999,999,999,999,999,999,219,999,999,999,211,999,999,999,999},
 {999,999,11,999,98,999,122,390,999,999,999,999,999,999,999,999,121,999,122,999},
 {719,999,999,999,999,999,999,999,9,999,999,999,999,999,999,999,26,999,999,832},
 {999,999,22,999,999,999,999,999,13,182,999,999,999,999,999,999,999,999,999,219},
 {999,999,999,999,999,22,999,999,999,999,999,999,999,999,999,999,999,999,999,999},
 {999,999,999,999,999,999,999,999,999,999,73,999,999,999,999,999,999,98,999,999},
 {77,999,999,999,999,999,999,999,200,999,21,93,999,999,999,999,999,999,999,190},
 {999,999,999,999,999,999,999,29,999,33,999,999,999,999,33,940,999,999,999,121},
 {999,322,999,999,74,219,999,999,999,111,999,999,999,999,999,999,999,999,999}}, n=19;


cost matrix empty spaces

     
 * Cost Matrix: (9 Vertices in graph)
 * ----------------------------------
 *                           I N C O M I N G  E D G E  S I D E                                                    *
 * 
 *       * * 000  111  222  333  444  555  666  777  888  999  010  011  012  013  014  015  016  017  018  019
 *       * *------------------------------------------------------------------------------------------------------*
 *  O     0 |     732       212                                                                        36         *
 *  U     1 |66                                      111            29                       65        14         *
 *  T     2 |390  17                                 11        38             122            211                  *
 *  G     3 |          273       29                                 42                                            *
 *  O     4 |               122                      32                                 12                  102   *
 *  I     5 |62                  211            132                 871                                           *
 *  N     6 |20   200       41                                 122       81   11                                  * 
 *  G     7 |          210            5                                                 74                        *
 *        8 |     95                       120                 2                                            11    *
 *  E     9 |          925                                          121                                     653   *
 *  D    10 |     81        90                                      219                 211                       *
 *  G    11 |          11        98        122  390                                          121       122        *
 *  E    12 |719                                     9                                       26             932   *
 *       13 |          22                            13   182                                               219   *
 *  R    14 |                         22                                                                          *
 *  O    15 |                                                  73                                 98              * 
 *  W    16 |77                                      200       21   93                                      190   *
 *  S    17 |                                   29        33                       33   940                 121   *
 *       18 |     322            74   219                 111                                                     *
 *       19 |                                                                                                     *
 *  * * ----------------------------------------------------------------------------------------------------------*
 */



cost matrix as arrays

732 212 36 66 111 29 65 14 390 17 11 38 122 211 273 29 42 122 32 12 102 62 211 132 871 20 200 41
122 81 11 210 5 74 95 120 2 11 925 121 653 81 90 219 211 11 98 122 390 121 122 719 9 26 932 22 13
182 219 22 73 98 77 200 21 93 190 29 33 33 940 121 322 74 219                                                     






